version https://git-lfs.github.com/spec/v1
oid sha256:8c7144b3bca47e0cd226c6d38adfe4d0661d74838d47f5ea2354fb13874a9b6b
size 153571538
